(kicad_pcb (version 20171130) (host pcbnew 5.1.4-e60b266~84~ubuntu18.04.1)

  (general
    (thickness 1.6)
    (drawings 57)
    (tracks 868)
    (zones 0)
    (modules 58)
    (nets 132)
  )

  (page A4)
  (layers
    (0 F.Cu signal)
    (31 B.Cu signal)
    (32 B.Adhes user)
    (33 F.Adhes user)
    (34 B.Paste user)
    (35 F.Paste user)
    (36 B.SilkS user)
    (37 F.SilkS user)
    (38 B.Mask user)
    (39 F.Mask user)
    (40 Dwgs.User user)
    (41 Cmts.User user)
    (42 Eco1.User user)
    (43 Eco2.User user)
    (44 Edge.Cuts user)
    (45 Margin user)
    (46 B.CrtYd user)
    (47 F.CrtYd user)
    (48 B.Fab user hide)
    (49 F.Fab user hide)
  )

  (setup
    (last_trace_width 0.4)
    (user_trace_width 0.25)
    (user_trace_width 0.4)
    (user_trace_width 0.6)
    (user_trace_width 0.8)
    (user_trace_width 1)
    (user_trace_width 1.5)
    (user_trace_width 2)
    (trace_clearance 0.2)
    (zone_clearance 0.508)
    (zone_45_only no)
    (trace_min 0.25)
    (via_size 0.6)
    (via_drill 0.3)
    (via_min_size 0.6)
    (via_min_drill 0.3)
    (user_via 0.6 0.3)
    (user_via 0.8 0.4)
    (uvia_size 0.3)
    (uvia_drill 0.1)
    (uvias_allowed no)
    (uvia_min_size 0.3)
    (uvia_min_drill 0.1)
    (edge_width 0.15)
    (segment_width 0.2)
    (pcb_text_width 0.3)
    (pcb_text_size 1.5 1.5)
    (mod_edge_width 0.15)
    (mod_text_size 1 1)
    (mod_text_width 0.15)
    (pad_size 1.524 1.524)
    (pad_drill 0.762)
    (pad_to_mask_clearance 0.2)
    (solder_mask_min_width 0.25)
    (aux_axis_origin 167.64 127)
    (visible_elements 7FFFFFFF)
    (pcbplotparams
      (layerselection 0x010f0_ffffffff)
      (usegerberextensions true)
      (usegerberattributes false)
      (usegerberadvancedattributes false)
      (creategerberjobfile false)
      (excludeedgelayer true)
      (linewidth 0.100000)
      (plotframeref false)
      (viasonmask false)
      (mode 1)
      (useauxorigin true)
      (hpglpennumber 1)
      (hpglpenspeed 20)
      (hpglpendiameter 15.000000)
      (psnegative false)
      (psa4output false)
      (plotreference true)
      (plotvalue false)
      (plotinvisibletext false)
      (padsonsilk false)
      (subtractmaskfromsilk false)
      (outputformat 1)
      (mirror false)
      (drillshape 0)
      (scaleselection 1)
      (outputdirectory "manufacturing"))
  )

  (net 0 "")
  (net 1 /GND)
  (net 2 /D7)
  (net 3 /D6)
  (net 4 /D5)
  (net 5 /D4)
  (net 6 /D3)
  (net 7 /D2)
  (net 8 /D1)
  (net 9 /D0)
  (net 10 /5V)
  (net 11 /3V3)
  (net 12 /A0)
  (net 13 /A1)
  (net 14 /A2)
  (net 15 /A3)
  (net 16 /A4)
  (net 17 /A5)
  (net 18 /A6)
  (net 19 /A7)
  (net 20 /A8)
  (net 21 /A9)
  (net 22 /A10)
  (net 23 /A11)
  (net 24 /A12)
  (net 25 /A13)
  (net 26 /A14)
  (net 27 /A15)
  (net 28 /nVP)
  (net 29 /nML)
  (net 30 "Net-(R1-Pad2)")
  (net 31 /RDY)
  (net 32 /PHI1OUT)
  (net 33 /nIRQ)
  (net 34 /nNMI)
  (net 35 /SYNC)
  (net 36 /RnW)
  (net 37 /BE)
  (net 38 /PHI2)
  (net 39 /nSO)
  (net 40 /PHI2OUT)
  (net 41 /nRST)
  (net 42 /LV_nVP)
  (net 43 /LV_PHI2OUT)
  (net 44 /LV_PHI1OUT)
  (net 45 /LV_nML)
  (net 46 /LV_RnW)
  (net 47 /LV_SYNC)
  (net 48 /LV_A0)
  (net 49 /LV_A1)
  (net 50 /LV_A2)
  (net 51 /LV_A3)
  (net 52 /LV_A4)
  (net 53 /LV_A5)
  (net 54 /LV_A6)
  (net 55 /LV_A7)
  (net 56 /LV_A8)
  (net 57 /LV_A9)
  (net 58 /LV_A10)
  (net 59 /LV_A11)
  (net 60 /LV_A15)
  (net 61 /LV_A14)
  (net 62 /LV_A13)
  (net 63 /LV_D7)
  (net 64 /LV_D6)
  (net 65 /LV_D5)
  (net 66 /LV_D4)
  (net 67 /LV_D3)
  (net 68 /LV_D2)
  (net 69 /LV_D1)
  (net 70 /LV_D0)
  (net 71 /LV_BE)
  (net 72 /LV_PHI2)
  (net 73 /LV_nIRQ)
  (net 74 /LV_nSO)
  (net 75 /LV_RDY)
  (net 76 /LV_nRST)
  (net 77 /LV_nNMI)
  (net 78 /LV_OED)
  (net 79 /LV_OEAL)
  (net 80 /LV_OEAH)
  (net 81 /LV_A12)
  (net 82 "Net-(P1-Pad38)")
  (net 83 "Net-(P1-Pad14)")
  (net 84 "Net-(P1-Pad13)")
  (net 85 "Net-(P1-Pad10)")
  (net 86 "Net-(P1-Pad8)")
  (net 87 "Net-(P1-Pad6)")
  (net 88 "Net-(P1-Pad4)")
  (net 89 "Net-(P1-Pad2)")
  (net 90 "Net-(P1-Pad1)")
  (net 91 "Net-(P2-Pad28)")
  (net 92 "Net-(P2-Pad27)")
  (net 93 "Net-(P2-Pad25)")
  (net 94 "Net-(P2-Pad16)")
  (net 95 "Net-(P2-Pad15)")
  (net 96 "Net-(P2-Pad14)")
  (net 97 "Net-(P2-Pad13)")
  (net 98 "Net-(P2-Pad3)")
  (net 99 "Net-(U1-Pad35)")
  (net 100 "Net-(U2-Pad15)")
  (net 101 "Net-(U2-Pad14)")
  (net 102 "Net-(U2-Pad10)")
  (net 103 "Net-(U2-Pad9)")
  (net 104 "Net-(U6-Pad21)")
  (net 105 "Net-(U6-Pad3)")
  (net 106 "Net-(D1-Pad2)")
  (net 107 "Net-(D2-Pad2)")
  (net 108 "Net-(D3-Pad2)")
  (net 109 /VIN2)
  (net 110 /VIN1)
  (net 111 /SW2)
  (net 112 /LED3)
  (net 113 /LV_TRIG1)
  (net 114 /LV_TRIG0)
  (net 115 /JUMPER)
  (net 116 /LV_OERW)
  (net 117 /LED2)
  (net 118 /SW1)
  (net 119 /LED1)
  (net 120 /TRIG1)
  (net 121 /TRIG0)
  (net 122 /LV_RnW2)
  (net 123 /RnW2)
  (net 124 /LV_DIRD)
  (net 125 "Net-(LK1-Pad2)")
  (net 126 "Net-(LK2-Pad1)")
  (net 127 /ID3)
  (net 128 /ID2)
  (net 129 /ID1)
  (net 130 /ID0)
  (net 131 /FILTERED_PHI2)

  (net_class Default "This is the default net class."
    (clearance 0.2)
    (trace_width 0.25)
    (via_dia 0.6)
    (via_drill 0.3)
    (uvia_dia 0.3)
    (uvia_drill 0.1)
    (diff_pair_width 0.25)
    (diff_pair_gap 0.25)
    (add_net /A0)
    (add_net /A1)
    (add_net /A10)
    (add_net /A11)
    (add_net /A12)
    (add_net /A13)
    (add_net /A14)
    (add_net /A15)
    (add_net /A2)
    (add_net /A3)
    (add_net /A4)
    (add_net /A5)
    (add_net /A6)
    (add_net /A7)
    (add_net /A8)
    (add_net /A9)
    (add_net /BE)
    (add_net /D0)
    (add_net /D1)
    (add_net /D2)
    (add_net /D3)
    (add_net /D4)
    (add_net /D5)
    (add_net /D6)
    (add_net /D7)
    (add_net /FILTERED_PHI2)
    (add_net /ID0)
    (add_net /ID1)
    (add_net /ID2)
    (add_net /ID3)
    (add_net /JUMPER)
    (add_net /LED1)
    (add_net /LED2)
    (add_net /LED3)
    (add_net /LV_A0)
    (add_net /LV_A1)
    (add_net /LV_A10)
    (add_net /LV_A11)
    (add_net /LV_A12)
    (add_net /LV_A13)
    (add_net /LV_A14)
    (add_net /LV_A15)
    (add_net /LV_A2)
    (add_net /LV_A3)
    (add_net /LV_A4)
    (add_net /LV_A5)
    (add_net /LV_A6)
    (add_net /LV_A7)
    (add_net /LV_A8)
    (add_net /LV_A9)
    (add_net /LV_BE)
    (add_net /LV_D0)
    (add_net /LV_D1)
    (add_net /LV_D2)
    (add_net /LV_D3)
    (add_net /LV_D4)
    (add_net /LV_D5)
    (add_net /LV_D6)
    (add_net /LV_D7)
    (add_net /LV_DIRD)
    (add_net /LV_OEAH)
    (add_net /LV_OEAL)
    (add_net /LV_OED)
    (add_net /LV_OERW)
    (add_net /LV_PHI1OUT)
    (add_net /LV_PHI2)
    (add_net /LV_PHI2OUT)
    (add_net /LV_RDY)
    (add_net /LV_RnW)
    (add_net /LV_RnW2)
    (add_net /LV_SYNC)
    (add_net /LV_TRIG0)
    (add_net /LV_TRIG1)
    (add_net /LV_nIRQ)
    (add_net /LV_nML)
    (add_net /LV_nNMI)
    (add_net /LV_nRST)
    (add_net /LV_nSO)
    (add_net /LV_nVP)
    (add_net /PHI1OUT)
    (add_net /PHI2)
    (add_net /PHI2OUT)
    (add_net /RDY)
    (add_net /RnW)
    (add_net /RnW2)
    (add_net /SW1)
    (add_net /SW2)
    (add_net /SYNC)
    (add_net /TRIG0)
    (add_net /TRIG1)
    (add_net /VIN1)
    (add_net /VIN2)
    (add_net /nIRQ)
    (add_net /nML)
    (add_net /nNMI)
    (add_net /nRST)
    (add_net /nSO)
    (add_net /nVP)
    (add_net "Net-(D1-Pad2)")
    (add_net "Net-(D2-Pad2)")
    (add_net "Net-(D3-Pad2)")
    (add_net "Net-(LK1-Pad2)")
    (add_net "Net-(LK2-Pad1)")
    (add_net "Net-(P1-Pad1)")
    (add_net "Net-(P1-Pad10)")
    (add_net "Net-(P1-Pad13)")
    (add_net "Net-(P1-Pad14)")
    (add_net "Net-(P1-Pad2)")
    (add_net "Net-(P1-Pad38)")
    (add_net "Net-(P1-Pad4)")
    (add_net "Net-(P1-Pad6)")
    (add_net "Net-(P1-Pad8)")
    (add_net "Net-(P2-Pad13)")
    (add_net "Net-(P2-Pad14)")
    (add_net "Net-(P2-Pad15)")
    (add_net "Net-(P2-Pad16)")
    (add_net "Net-(P2-Pad25)")
    (add_net "Net-(P2-Pad27)")
    (add_net "Net-(P2-Pad28)")
    (add_net "Net-(P2-Pad3)")
    (add_net "Net-(R1-Pad2)")
    (add_net "Net-(U1-Pad35)")
    (add_net "Net-(U2-Pad10)")
    (add_net "Net-(U2-Pad14)")
    (add_net "Net-(U2-Pad15)")
    (add_net "Net-(U2-Pad9)")
    (add_net "Net-(U6-Pad21)")
    (add_net "Net-(U6-Pad3)")
  )

  (net_class Power ""
    (clearance 0.2)
    (trace_width 0.4)
    (via_dia 0.8)
    (via_drill 0.4)
    (uvia_dia 0.3)
    (uvia_drill 0.1)
    (diff_pair_width 0.25)
    (diff_pair_gap 0.25)
    (add_net /3V3)
    (add_net /5V)
    (add_net /GND)
  )

  (module Resistor_SMD:R_0805_2012Metric_Pad1.15x1.40mm_HandSolder (layer B.Cu) (tedit 5B36C52B) (tstamp 5DAA5752)
    (at 206.511 71.12 180)
    (descr "Resistor SMD 0805 (2012 Metric), square (rectangular) end terminal, IPC_7351 nominal with elongated pad for handsoldering. (Body size source: https://docs.google.com/spreadsheets/d/1BsfQQcO9C6DZCsRaXUlFlo91Tg2WpOkGARC1WS5S8t0/edit?usp=sharing), generated with kicad-footprint-generator")
    (tags "resistor handsolder")
    (path /5DC52DDE)
    (attr smd)
    (fp_text reference R16 (at -3.547 0) (layer B.SilkS)
      (effects (font (size 1 1) (thickness 0.15)) (justify mirror))
    )
    (fp_text value 22K (at 0 -1.65) (layer B.Fab)
      (effects (font (size 1 1) (thickness 0.15)) (justify mirror))
    )
    (fp_text user %R (at 0 0) (layer B.Fab)
      (effects (font (size 0.5 0.5) (thickness 0.08)) (justify mirror))
    )
    (fp_line (start 1.85 -0.95) (end -1.85 -0.95) (layer B.CrtYd) (width 0.05))
    (fp_line (start 1.85 0.95) (end 1.85 -0.95) (layer B.CrtYd) (width 0.05))
    (fp_line (start -1.85 0.95) (end 1.85 0.95) (layer B.CrtYd) (width 0.05))
    (fp_line (start -1.85 -0.95) (end -1.85 0.95) (layer B.CrtYd) (width 0.05))
    (fp_line (start -0.261252 -0.71) (end 0.261252 -0.71) (layer B.SilkS) (width 0.12))
    (fp_line (start -0.261252 0.71) (end 0.261252 0.71) (layer B.SilkS) (width 0.12))
    (fp_line (start 1 -0.6) (end -1 -0.6) (layer B.Fab) (width 0.1))
    (fp_line (start 1 0.6) (end 1 -0.6) (layer B.Fab) (width 0.1))
    (fp_line (start -1 0.6) (end 1 0.6) (layer B.Fab) (width 0.1))
    (fp_line (start -1 -0.6) (end -1 0.6) (layer B.Fab) (width 0.1))
    (pad 2 smd roundrect (at 1.025 0 180) (size 1.15 1.4) (layers B.Cu B.Paste B.Mask) (roundrect_rratio 0.217391)
      (net 39 /nSO))
    (pad 1 smd roundrect (at -1.025 0 180) (size 1.15 1.4) (layers B.Cu B.Paste B.Mask) (roundrect_rratio 0.217391)
      (net 10 /5V))
    (model ${KISYS3DMOD}/Resistor_SMD.3dshapes/R_0805_2012Metric.wrl
      (at (xyz 0 0 0))
      (scale (xyz 1 1 1))
      (rotate (xyz 0 0 0))
    )
  )

  (module Resistor_SMD:R_0805_2012Metric_Pad1.15x1.40mm_HandSolder (layer B.Cu) (tedit 5B36C52B) (tstamp 5DAA5741)
    (at 206.502 68.58 180)
    (descr "Resistor SMD 0805 (2012 Metric), square (rectangular) end terminal, IPC_7351 nominal with elongated pad for handsoldering. (Body size source: https://docs.google.com/spreadsheets/d/1BsfQQcO9C6DZCsRaXUlFlo91Tg2WpOkGARC1WS5S8t0/edit?usp=sharing), generated with kicad-footprint-generator")
    (tags "resistor handsolder")
    (path /5DC531BF)
    (attr smd)
    (fp_text reference R17 (at -3.556 0) (layer B.SilkS)
      (effects (font (size 1 1) (thickness 0.15)) (justify mirror))
    )
    (fp_text value 22K (at 0 -1.65) (layer B.Fab)
      (effects (font (size 1 1) (thickness 0.15)) (justify mirror))
    )
    (fp_text user %R (at 0 0) (layer B.Fab)
      (effects (font (size 0.5 0.5) (thickness 0.08)) (justify mirror))
    )
    (fp_line (start 1.85 -0.95) (end -1.85 -0.95) (layer B.CrtYd) (width 0.05))
    (fp_line (start 1.85 0.95) (end 1.85 -0.95) (layer B.CrtYd) (width 0.05))
    (fp_line (start -1.85 0.95) (end 1.85 0.95) (layer B.CrtYd) (width 0.05))
    (fp_line (start -1.85 -0.95) (end -1.85 0.95) (layer B.CrtYd) (width 0.05))
    (fp_line (start -0.261252 -0.71) (end 0.261252 -0.71) (layer B.SilkS) (width 0.12))
    (fp_line (start -0.261252 0.71) (end 0.261252 0.71) (layer B.SilkS) (width 0.12))
    (fp_line (start 1 -0.6) (end -1 -0.6) (layer B.Fab) (width 0.1))
    (fp_line (start 1 0.6) (end 1 -0.6) (layer B.Fab) (width 0.1))
    (fp_line (start -1 0.6) (end 1 0.6) (layer B.Fab) (width 0.1))
    (fp_line (start -1 -0.6) (end -1 0.6) (layer B.Fab) (width 0.1))
    (pad 2 smd roundrect (at 1.025 0 180) (size 1.15 1.4) (layers B.Cu B.Paste B.Mask) (roundrect_rratio 0.217391)
      (net 41 /nRST))
    (pad 1 smd roundrect (at -1.025 0 180) (size 1.15 1.4) (layers B.Cu B.Paste B.Mask) (roundrect_rratio 0.217391)
      (net 10 /5V))
    (model ${KISYS3DMOD}/Resistor_SMD.3dshapes/R_0805_2012Metric.wrl
      (at (xyz 0 0 0))
      (scale (xyz 1 1 1))
      (rotate (xyz 0 0 0))
    )
  )

  (module Diode_SMD:D_SOD-323_HandSoldering (layer F.Cu) (tedit 58641869) (tstamp 5D777ADA)
    (at 209.55 99.06 180)
    (descr SOD-323)
    (tags SOD-323)
    (path /5D7DCB4D)
    (attr smd)
    (fp_text reference D5 (at 0 1.5875) (layer F.SilkS)
      (effects (font (size 1 1) (thickness 0.15)))
    )
    (fp_text value PMEG3010BEA (at 0.1 1.9) (layer F.Fab)
      (effects (font (size 1 1) (thickness 0.15)))
    )
    (fp_line (start -1.9 -0.85) (end 1.25 -0.85) (layer F.SilkS) (width 0.12))
    (fp_line (start -1.9 0.85) (end 1.25 0.85) (layer F.SilkS) (width 0.12))
    (fp_line (start -2 -0.95) (end -2 0.95) (layer F.CrtYd) (width 0.05))
    (fp_line (start -2 0.95) (end 2 0.95) (layer F.CrtYd) (width 0.05))
    (fp_line (start 2 -0.95) (end 2 0.95) (layer F.CrtYd) (width 0.05))
    (fp_line (start -2 -0.95) (end 2 -0.95) (layer F.CrtYd) (width 0.05))
    (fp_line (start -0.9 -0.7) (end 0.9 -0.7) (layer F.Fab) (width 0.1))
    (fp_line (start 0.9 -0.7) (end 0.9 0.7) (layer F.Fab) (width 0.1))
    (fp_line (start 0.9 0.7) (end -0.9 0.7) (layer F.Fab) (width 0.1))
    (fp_line (start -0.9 0.7) (end -0.9 -0.7) (layer F.Fab) (width 0.1))
    (fp_line (start -0.3 -0.35) (end -0.3 0.35) (layer F.Fab) (width 0.1))
    (fp_line (start -0.3 0) (end -0.5 0) (layer F.Fab) (width 0.1))
    (fp_line (start -0.3 0) (end 0.2 -0.35) (layer F.Fab) (width 0.1))
    (fp_line (start 0.2 -0.35) (end 0.2 0.35) (layer F.Fab) (width 0.1))
    (fp_line (start 0.2 0.35) (end -0.3 0) (layer F.Fab) (width 0.1))
    (fp_line (start 0.2 0) (end 0.45 0) (layer F.Fab) (width 0.1))
    (fp_line (start -1.9 -0.85) (end -1.9 0.85) (layer F.SilkS) (width 0.12))
    (fp_text user %R (at 0 -1.85) (layer F.Fab)
      (effects (font (size 1 1) (thickness 0.15)))
    )
    (pad 2 smd rect (at 1.25 0 180) (size 1 1) (layers F.Cu F.Paste F.Mask)
      (net 10 /5V))
    (pad 1 smd rect (at -1.25 0 180) (size 1 1) (layers F.Cu F.Paste F.Mask)
      (net 110 /VIN1))
    (model ${KISYS3DMOD}/Diode_SMD.3dshapes/D_SOD-323.wrl
      (at (xyz 0 0 0))
      (scale (xyz 1 1 1))
      (rotate (xyz 0 0 0))
    )
  )

  (module Diode_SMD:D_SOD-323_HandSoldering (layer F.Cu) (tedit 58641869) (tstamp 5D79C40E)
    (at 176.648 81.915)
    (descr SOD-323)
    (tags SOD-323)
    (path /5D7BB685)
    (attr smd)
    (fp_text reference D4 (at -0.499 1.905) (layer F.SilkS)
      (effects (font (size 1 1) (thickness 0.15)))
    )
    (fp_text value PMEG3010BEA (at 0.1 1.9) (layer F.Fab)
      (effects (font (size 1 1) (thickness 0.15)))
    )
    (fp_line (start -1.9 -0.85) (end 1.25 -0.85) (layer F.SilkS) (width 0.12))
    (fp_line (start -1.9 0.85) (end 1.25 0.85) (layer F.SilkS) (width 0.12))
    (fp_line (start -2 -0.95) (end -2 0.95) (layer F.CrtYd) (width 0.05))
    (fp_line (start -2 0.95) (end 2 0.95) (layer F.CrtYd) (width 0.05))
    (fp_line (start 2 -0.95) (end 2 0.95) (layer F.CrtYd) (width 0.05))
    (fp_line (start -2 -0.95) (end 2 -0.95) (layer F.CrtYd) (width 0.05))
    (fp_line (start -0.9 -0.7) (end 0.9 -0.7) (layer F.Fab) (width 0.1))
    (fp_line (start 0.9 -0.7) (end 0.9 0.7) (layer F.Fab) (width 0.1))
    (fp_line (start 0.9 0.7) (end -0.9 0.7) (layer F.Fab) (width 0.1))
    (fp_line (start -0.9 0.7) (end -0.9 -0.7) (layer F.Fab) (width 0.1))
    (fp_line (start -0.3 -0.35) (end -0.3 0.35) (layer F.Fab) (width 0.1))
    (fp_line (start -0.3 0) (end -0.5 0) (layer F.Fab) (width 0.1))
    (fp_line (start -0.3 0) (end 0.2 -0.35) (layer F.Fab) (width 0.1))
    (fp_line (start 0.2 -0.35) (end 0.2 0.35) (layer F.Fab) (width 0.1))
    (fp_line (start 0.2 0.35) (end -0.3 0) (layer F.Fab) (width 0.1))
    (fp_line (start 0.2 0) (end 0.45 0) (layer F.Fab) (width 0.1))
    (fp_line (start -1.9 -0.85) (end -1.9 0.85) (layer F.SilkS) (width 0.12))
    (fp_text user %R (at 0 -1.85) (layer F.Fab)
      (effects (font (size 1 1) (thickness 0.15)))
    )
    (pad 2 smd rect (at 1.25 0) (size 1 1) (layers F.Cu F.Paste F.Mask)
      (net 10 /5V))
    (pad 1 smd rect (at -1.25 0) (size 1 1) (layers F.Cu F.Paste F.Mask)
      (net 109 /VIN2))
    (model ${KISYS3DMOD}/Diode_SMD.3dshapes/D_SOD-323.wrl
      (at (xyz 0 0 0))
      (scale (xyz 1 1 1))
      (rotate (xyz 0 0 0))
    )
  )

  (module Resistor_SMD:R_0805_2012Metric_Pad1.15x1.40mm_HandSolder (layer B.Cu) (tedit 5B36C52B) (tstamp 5DA9B7BE)
    (at 179.578 73.66)
    (descr "Resistor SMD 0805 (2012 Metric), square (rectangular) end terminal, IPC_7351 nominal with elongated pad for handsoldering. (Body size source: https://docs.google.com/spreadsheets/d/1BsfQQcO9C6DZCsRaXUlFlo91Tg2WpOkGARC1WS5S8t0/edit?usp=sharing), generated with kicad-footprint-generator")
    (tags "resistor handsolder")
    (path /5DB3FF21)
    (attr smd)
    (fp_text reference R20 (at -3.556 0) (layer B.SilkS)
      (effects (font (size 1 1) (thickness 0.15)) (justify mirror))
    )
    (fp_text value 22K (at 0 -1.65) (layer B.Fab)
      (effects (font (size 1 1) (thickness 0.15)) (justify mirror))
    )
    (fp_text user %R (at 0 0) (layer B.Fab)
      (effects (font (size 0.5 0.5) (thickness 0.08)) (justify mirror))
    )
    (fp_line (start 1.85 -0.95) (end -1.85 -0.95) (layer B.CrtYd) (width 0.05))
    (fp_line (start 1.85 0.95) (end 1.85 -0.95) (layer B.CrtYd) (width 0.05))
    (fp_line (start -1.85 0.95) (end 1.85 0.95) (layer B.CrtYd) (width 0.05))
    (fp_line (start -1.85 -0.95) (end -1.85 0.95) (layer B.CrtYd) (width 0.05))
    (fp_line (start -0.261252 -0.71) (end 0.261252 -0.71) (layer B.SilkS) (width 0.12))
    (fp_line (start -0.261252 0.71) (end 0.261252 0.71) (layer B.SilkS) (width 0.12))
    (fp_line (start 1 -0.6) (end -1 -0.6) (layer B.Fab) (width 0.1))
    (fp_line (start 1 0.6) (end 1 -0.6) (layer B.Fab) (width 0.1))
    (fp_line (start -1 0.6) (end 1 0.6) (layer B.Fab) (width 0.1))
    (fp_line (start -1 -0.6) (end -1 0.6) (layer B.Fab) (width 0.1))
    (pad 2 smd roundrect (at 1.025 0) (size 1.15 1.4) (layers B.Cu B.Paste B.Mask) (roundrect_rratio 0.217391)
      (net 34 /nNMI))
    (pad 1 smd roundrect (at -1.025 0) (size 1.15 1.4) (layers B.Cu B.Paste B.Mask) (roundrect_rratio 0.217391)
      (net 10 /5V))
    (model ${KISYS3DMOD}/Resistor_SMD.3dshapes/R_0805_2012Metric.wrl
      (at (xyz 0 0 0))
      (scale (xyz 1 1 1))
      (rotate (xyz 0 0 0))
    )
  )

  (module Resistor_SMD:R_0805_2012Metric_Pad1.15x1.40mm_HandSolder (layer B.Cu) (tedit 5B36C52B) (tstamp 5DA9C1A6)
    (at 179.578 71.12)
    (descr "Resistor SMD 0805 (2012 Metric), square (rectangular) end terminal, IPC_7351 nominal with elongated pad for handsoldering. (Body size source: https://docs.google.com/spreadsheets/d/1BsfQQcO9C6DZCsRaXUlFlo91Tg2WpOkGARC1WS5S8t0/edit?usp=sharing), generated with kicad-footprint-generator")
    (tags "resistor handsolder")
    (path /5DB400D0)
    (attr smd)
    (fp_text reference R19 (at -3.556 0 180) (layer B.SilkS)
      (effects (font (size 1 1) (thickness 0.15)) (justify mirror))
    )
    (fp_text value 22K (at 0 -1.65) (layer B.Fab)
      (effects (font (size 1 1) (thickness 0.15)) (justify mirror))
    )
    (fp_text user %R (at 0 0) (layer B.Fab)
      (effects (font (size 0.5 0.5) (thickness 0.08)) (justify mirror))
    )
    (fp_line (start 1.85 -0.95) (end -1.85 -0.95) (layer B.CrtYd) (width 0.05))
    (fp_line (start 1.85 0.95) (end 1.85 -0.95) (layer B.CrtYd) (width 0.05))
    (fp_line (start -1.85 0.95) (end 1.85 0.95) (layer B.CrtYd) (width 0.05))
    (fp_line (start -1.85 -0.95) (end -1.85 0.95) (layer B.CrtYd) (width 0.05))
    (fp_line (start -0.261252 -0.71) (end 0.261252 -0.71) (layer B.SilkS) (width 0.12))
    (fp_line (start -0.261252 0.71) (end 0.261252 0.71) (layer B.SilkS) (width 0.12))
    (fp_line (start 1 -0.6) (end -1 -0.6) (layer B.Fab) (width 0.1))
    (fp_line (start 1 0.6) (end 1 -0.6) (layer B.Fab) (width 0.1))
    (fp_line (start -1 0.6) (end 1 0.6) (layer B.Fab) (width 0.1))
    (fp_line (start -1 -0.6) (end -1 0.6) (layer B.Fab) (width 0.1))
    (pad 2 smd roundrect (at 1.025 0) (size 1.15 1.4) (layers B.Cu B.Paste B.Mask) (roundrect_rratio 0.217391)
      (net 33 /nIRQ))
    (pad 1 smd roundrect (at -1.025 0) (size 1.15 1.4) (layers B.Cu B.Paste B.Mask) (roundrect_rratio 0.217391)
      (net 10 /5V))
    (model ${KISYS3DMOD}/Resistor_SMD.3dshapes/R_0805_2012Metric.wrl
      (at (xyz 0 0 0))
      (scale (xyz 1 1 1))
      (rotate (xyz 0 0 0))
    )
  )

  (module Resistor_SMD:R_0805_2012Metric_Pad1.15x1.40mm_HandSolder (layer B.Cu) (tedit 5B36C52B) (tstamp 5DA9CE22)
    (at 179.578 68.58)
    (descr "Resistor SMD 0805 (2012 Metric), square (rectangular) end terminal, IPC_7351 nominal with elongated pad for handsoldering. (Body size source: https://docs.google.com/spreadsheets/d/1BsfQQcO9C6DZCsRaXUlFlo91Tg2WpOkGARC1WS5S8t0/edit?usp=sharing), generated with kicad-footprint-generator")
    (tags "resistor handsolder")
    (path /5DB24834)
    (attr smd)
    (fp_text reference R18 (at -3.556 0 180) (layer B.SilkS)
      (effects (font (size 1 1) (thickness 0.15)) (justify mirror))
    )
    (fp_text value 22K (at 0 -1.65) (layer B.Fab)
      (effects (font (size 1 1) (thickness 0.15)) (justify mirror))
    )
    (fp_text user %R (at 0 0) (layer B.Fab)
      (effects (font (size 0.5 0.5) (thickness 0.08)) (justify mirror))
    )
    (fp_line (start 1.85 -0.95) (end -1.85 -0.95) (layer B.CrtYd) (width 0.05))
    (fp_line (start 1.85 0.95) (end 1.85 -0.95) (layer B.CrtYd) (width 0.05))
    (fp_line (start -1.85 0.95) (end 1.85 0.95) (layer B.CrtYd) (width 0.05))
    (fp_line (start -1.85 -0.95) (end -1.85 0.95) (layer B.CrtYd) (width 0.05))
    (fp_line (start -0.261252 -0.71) (end 0.261252 -0.71) (layer B.SilkS) (width 0.12))
    (fp_line (start -0.261252 0.71) (end 0.261252 0.71) (layer B.SilkS) (width 0.12))
    (fp_line (start 1 -0.6) (end -1 -0.6) (layer B.Fab) (width 0.1))
    (fp_line (start 1 0.6) (end 1 -0.6) (layer B.Fab) (width 0.1))
    (fp_line (start -1 0.6) (end 1 0.6) (layer B.Fab) (width 0.1))
    (fp_line (start -1 -0.6) (end -1 0.6) (layer B.Fab) (width 0.1))
    (pad 2 smd roundrect (at 1.025 0) (size 1.15 1.4) (layers B.Cu B.Paste B.Mask) (roundrect_rratio 0.217391)
      (net 31 /RDY))
    (pad 1 smd roundrect (at -1.025 0) (size 1.15 1.4) (layers B.Cu B.Paste B.Mask) (roundrect_rratio 0.217391)
      (net 10 /5V))
    (model ${KISYS3DMOD}/Resistor_SMD.3dshapes/R_0805_2012Metric.wrl
      (at (xyz 0 0 0))
      (scale (xyz 1 1 1))
      (rotate (xyz 0 0 0))
    )
  )

  (module Resistor_SMD:R_0805_2012Metric_Pad1.15x1.40mm_HandSolder (layer F.Cu) (tedit 5B36C52B) (tstamp 5D855781)
    (at 194.183 73.27 90)
    (descr "Resistor SMD 0805 (2012 Metric), square (rectangular) end terminal, IPC_7351 nominal with elongated pad for handsoldering. (Body size source: https://docs.google.com/spreadsheets/d/1BsfQQcO9C6DZCsRaXUlFlo91Tg2WpOkGARC1WS5S8t0/edit?usp=sharing), generated with kicad-footprint-generator")
    (tags "resistor handsolder")
    (path /5D90172A)
    (attr smd)
    (fp_text reference R14 (at 2.658 -0.381 180) (layer F.SilkS)
      (effects (font (size 1 1) (thickness 0.15)))
    )
    (fp_text value 0 (at 0 1.65 90) (layer F.Fab)
      (effects (font (size 1 1) (thickness 0.15)))
    )
    (fp_text user %R (at 0 0 90) (layer F.Fab)
      (effects (font (size 0.5 0.5) (thickness 0.08)))
    )
    (fp_line (start 1.85 0.95) (end -1.85 0.95) (layer F.CrtYd) (width 0.05))
    (fp_line (start 1.85 -0.95) (end 1.85 0.95) (layer F.CrtYd) (width 0.05))
    (fp_line (start -1.85 -0.95) (end 1.85 -0.95) (layer F.CrtYd) (width 0.05))
    (fp_line (start -1.85 0.95) (end -1.85 -0.95) (layer F.CrtYd) (width 0.05))
    (fp_line (start -0.261252 0.71) (end 0.261252 0.71) (layer F.SilkS) (width 0.12))
    (fp_line (start -0.261252 -0.71) (end 0.261252 -0.71) (layer F.SilkS) (width 0.12))
    (fp_line (start 1 0.6) (end -1 0.6) (layer F.Fab) (width 0.1))
    (fp_line (start 1 -0.6) (end 1 0.6) (layer F.Fab) (width 0.1))
    (fp_line (start -1 -0.6) (end 1 -0.6) (layer F.Fab) (width 0.1))
    (fp_line (start -1 0.6) (end -1 -0.6) (layer F.Fab) (width 0.1))
    (pad 2 smd roundrect (at 1.025 0 90) (size 1.15 1.4) (layers F.Cu F.Paste F.Mask) (roundrect_rratio 0.217391)
      (net 38 /PHI2))
    (pad 1 smd roundrect (at -1.025 0 90) (size 1.15 1.4) (layers F.Cu F.Paste F.Mask) (roundrect_rratio 0.217391)
      (net 131 /FILTERED_PHI2))
    (model ${KISYS3DMOD}/Resistor_SMD.3dshapes/R_0805_2012Metric.wrl
      (at (xyz 0 0 0))
      (scale (xyz 1 1 1))
      (rotate (xyz 0 0 0))
    )
  )

  (module Capacitor_SMD:C_0805_2012Metric_Pad1.15x1.40mm_HandSolder (layer F.Cu) (tedit 5B36C52B) (tstamp 5D8561D7)
    (at 192.024 73.27 90)
    (descr "Capacitor SMD 0805 (2012 Metric), square (rectangular) end terminal, IPC_7351 nominal with elongated pad for handsoldering. (Body size source: https://docs.google.com/spreadsheets/d/1BsfQQcO9C6DZCsRaXUlFlo91Tg2WpOkGARC1WS5S8t0/edit?usp=sharing), generated with kicad-footprint-generator")
    (tags "capacitor handsolder")
    (path /5D902442)
    (attr smd)
    (fp_text reference C15 (at -2.676 0.254 180) (layer F.SilkS)
      (effects (font (size 1 1) (thickness 0.15)))
    )
    (fp_text value 0 (at 0 1.65 90) (layer F.Fab)
      (effects (font (size 1 1) (thickness 0.15)))
    )
    (fp_text user %R (at 0 0 90) (layer F.Fab)
      (effects (font (size 0.5 0.5) (thickness 0.08)))
    )
    (fp_line (start 1.85 0.95) (end -1.85 0.95) (layer F.CrtYd) (width 0.05))
    (fp_line (start 1.85 -0.95) (end 1.85 0.95) (layer F.CrtYd) (width 0.05))
    (fp_line (start -1.85 -0.95) (end 1.85 -0.95) (layer F.CrtYd) (width 0.05))
    (fp_line (start -1.85 0.95) (end -1.85 -0.95) (layer F.CrtYd) (width 0.05))
    (fp_line (start -0.261252 0.71) (end 0.261252 0.71) (layer F.SilkS) (width 0.12))
    (fp_line (start -0.261252 -0.71) (end 0.261252 -0.71) (layer F.SilkS) (width 0.12))
    (fp_line (start 1 0.6) (end -1 0.6) (layer F.Fab) (width 0.1))
    (fp_line (start 1 -0.6) (end 1 0.6) (layer F.Fab) (width 0.1))
    (fp_line (start -1 -0.6) (end 1 -0.6) (layer F.Fab) (width 0.1))
    (fp_line (start -1 0.6) (end -1 -0.6) (layer F.Fab) (width 0.1))
    (pad 2 smd roundrect (at 1.025 0 90) (size 1.15 1.4) (layers F.Cu F.Paste F.Mask) (roundrect_rratio 0.217391)
      (net 1 /GND))
    (pad 1 smd roundrect (at -1.025 0 90) (size 1.15 1.4) (layers F.Cu F.Paste F.Mask) (roundrect_rratio 0.217391)
      (net 131 /FILTERED_PHI2))
    (model ${KISYS3DMOD}/Capacitor_SMD.3dshapes/C_0805_2012Metric.wrl
      (at (xyz 0 0 0))
      (scale (xyz 1 1 1))
      (rotate (xyz 0 0 0))
    )
  )

  (module Resistor_SMD:R_0805_2012Metric_Pad1.15x1.40mm_HandSolder (layer B.Cu) (tedit 5B36C52B) (tstamp 5D7E89D6)
    (at 208.915 82.55)
    (descr "Resistor SMD 0805 (2012 Metric), square (rectangular) end terminal, IPC_7351 nominal with elongated pad for handsoldering. (Body size source: https://docs.google.com/spreadsheets/d/1BsfQQcO9C6DZCsRaXUlFlo91Tg2WpOkGARC1WS5S8t0/edit?usp=sharing), generated with kicad-footprint-generator")
    (tags "resistor handsolder")
    (path /5D802F0D)
    (attr smd)
    (fp_text reference R13 (at 0 -4.064) (layer B.SilkS)
      (effects (font (size 1 1) (thickness 0.15)) (justify mirror))
    )
    (fp_text value 0 (at 0 -1.65) (layer B.Fab)
      (effects (font (size 1 1) (thickness 0.15)) (justify mirror))
    )
    (fp_text user %R (at 0 0) (layer B.Fab)
      (effects (font (size 0.5 0.5) (thickness 0.08)) (justify mirror))
    )
    (fp_line (start 1.85 -0.95) (end -1.85 -0.95) (layer B.CrtYd) (width 0.05))
    (fp_line (start 1.85 0.95) (end 1.85 -0.95) (layer B.CrtYd) (width 0.05))
    (fp_line (start -1.85 0.95) (end 1.85 0.95) (layer B.CrtYd) (width 0.05))
    (fp_line (start -1.85 -0.95) (end -1.85 0.95) (layer B.CrtYd) (width 0.05))
    (fp_line (start -0.261252 -0.71) (end 0.261252 -0.71) (layer B.SilkS) (width 0.12))
    (fp_line (start -0.261252 0.71) (end 0.261252 0.71) (layer B.SilkS) (width 0.12))
    (fp_line (start 1 -0.6) (end -1 -0.6) (layer B.Fab) (width 0.1))
    (fp_line (start 1 0.6) (end 1 -0.6) (layer B.Fab) (width 0.1))
    (fp_line (start -1 0.6) (end 1 0.6) (layer B.Fab) (width 0.1))
    (fp_line (start -1 -0.6) (end -1 0.6) (layer B.Fab) (width 0.1))
    (pad 2 smd roundrect (at 1.025 0) (size 1.15 1.4) (layers B.Cu B.Paste B.Mask) (roundrect_rratio 0.217391)
      (net 127 /ID3))
    (pad 1 smd roundrect (at -1.025 0) (size 1.15 1.4) (layers B.Cu B.Paste B.Mask) (roundrect_rratio 0.217391)
      (net 1 /GND))
    (model ${KISYS3DMOD}/Resistor_SMD.3dshapes/R_0805_2012Metric.wrl
      (at (xyz 0 0 0))
      (scale (xyz 1 1 1))
      (rotate (xyz 0 0 0))
    )
  )

  (module Resistor_SMD:R_0805_2012Metric_Pad1.15x1.40mm_HandSolder (layer B.Cu) (tedit 5B36C52B) (tstamp 5D7E3AD8)
    (at 208.915 85.09)
    (descr "Resistor SMD 0805 (2012 Metric), square (rectangular) end terminal, IPC_7351 nominal with elongated pad for handsoldering. (Body size source: https://docs.google.com/spreadsheets/d/1BsfQQcO9C6DZCsRaXUlFlo91Tg2WpOkGARC1WS5S8t0/edit?usp=sharing), generated with kicad-footprint-generator")
    (tags "resistor handsolder")
    (path /5D802C8C)
    (attr smd)
    (fp_text reference R12 (at 0 -4.699) (layer B.SilkS)
      (effects (font (size 1 1) (thickness 0.15)) (justify mirror))
    )
    (fp_text value 0 (at 0 -1.65) (layer B.Fab)
      (effects (font (size 1 1) (thickness 0.15)) (justify mirror))
    )
    (fp_text user %R (at 0 0) (layer B.Fab)
      (effects (font (size 0.5 0.5) (thickness 0.08)) (justify mirror))
    )
    (fp_line (start 1.85 -0.95) (end -1.85 -0.95) (layer B.CrtYd) (width 0.05))
    (fp_line (start 1.85 0.95) (end 1.85 -0.95) (layer B.CrtYd) (width 0.05))
    (fp_line (start -1.85 0.95) (end 1.85 0.95) (layer B.CrtYd) (width 0.05))
    (fp_line (start -1.85 -0.95) (end -1.85 0.95) (layer B.CrtYd) (width 0.05))
    (fp_line (start -0.261252 -0.71) (end 0.261252 -0.71) (layer B.SilkS) (width 0.12))
    (fp_line (start -0.261252 0.71) (end 0.261252 0.71) (layer B.SilkS) (width 0.12))
    (fp_line (start 1 -0.6) (end -1 -0.6) (layer B.Fab) (width 0.1))
    (fp_line (start 1 0.6) (end 1 -0.6) (layer B.Fab) (width 0.1))
    (fp_line (start -1 0.6) (end 1 0.6) (layer B.Fab) (width 0.1))
    (fp_line (start -1 -0.6) (end -1 0.6) (layer B.Fab) (width 0.1))
    (pad 2 smd roundrect (at 1.025 0) (size 1.15 1.4) (layers B.Cu B.Paste B.Mask) (roundrect_rratio 0.217391)
      (net 128 /ID2))
    (pad 1 smd roundrect (at -1.025 0) (size 1.15 1.4) (layers B.Cu B.Paste B.Mask) (roundrect_rratio 0.217391)
      (net 1 /GND))
    (model ${KISYS3DMOD}/Resistor_SMD.3dshapes/R_0805_2012Metric.wrl
      (at (xyz 0 0 0))
      (scale (xyz 1 1 1))
      (rotate (xyz 0 0 0))
    )
  )

  (module Resistor_SMD:R_0805_2012Metric_Pad1.15x1.40mm_HandSolder (layer B.Cu) (tedit 5B36C52B) (tstamp 5D7E89B4)
    (at 208.915 87.63)
    (descr "Resistor SMD 0805 (2012 Metric), square (rectangular) end terminal, IPC_7351 nominal with elongated pad for handsoldering. (Body size source: https://docs.google.com/spreadsheets/d/1BsfQQcO9C6DZCsRaXUlFlo91Tg2WpOkGARC1WS5S8t0/edit?usp=sharing), generated with kicad-footprint-generator")
    (tags "resistor handsolder")
    (path /5D802707)
    (attr smd)
    (fp_text reference R11 (at 0 4.572) (layer B.SilkS)
      (effects (font (size 1 1) (thickness 0.15)) (justify mirror))
    )
    (fp_text value 0 (at 0 -1.65) (layer B.Fab)
      (effects (font (size 1 1) (thickness 0.15)) (justify mirror))
    )
    (fp_text user %R (at 0 0) (layer B.Fab)
      (effects (font (size 0.5 0.5) (thickness 0.08)) (justify mirror))
    )
    (fp_line (start 1.85 -0.95) (end -1.85 -0.95) (layer B.CrtYd) (width 0.05))
    (fp_line (start 1.85 0.95) (end 1.85 -0.95) (layer B.CrtYd) (width 0.05))
    (fp_line (start -1.85 0.95) (end 1.85 0.95) (layer B.CrtYd) (width 0.05))
    (fp_line (start -1.85 -0.95) (end -1.85 0.95) (layer B.CrtYd) (width 0.05))
    (fp_line (start -0.261252 -0.71) (end 0.261252 -0.71) (layer B.SilkS) (width 0.12))
    (fp_line (start -0.261252 0.71) (end 0.261252 0.71) (layer B.SilkS) (width 0.12))
    (fp_line (start 1 -0.6) (end -1 -0.6) (layer B.Fab) (width 0.1))
    (fp_line (start 1 0.6) (end 1 -0.6) (layer B.Fab) (width 0.1))
    (fp_line (start -1 0.6) (end 1 0.6) (layer B.Fab) (width 0.1))
    (fp_line (start -1 -0.6) (end -1 0.6) (layer B.Fab) (width 0.1))
    (pad 2 smd roundrect (at 1.025 0) (size 1.15 1.4) (layers B.Cu B.Paste B.Mask) (roundrect_rratio 0.217391)
      (net 129 /ID1))
    (pad 1 smd roundrect (at -1.025 0) (size 1.15 1.4) (layers B.Cu B.Paste B.Mask) (roundrect_rratio 0.217391)
      (net 1 /GND))
    (model ${KISYS3DMOD}/Resistor_SMD.3dshapes/R_0805_2012Metric.wrl
      (at (xyz 0 0 0))
      (scale (xyz 1 1 1))
      (rotate (xyz 0 0 0))
    )
  )

  (module Resistor_SMD:R_0805_2012Metric_Pad1.15x1.40mm_HandSolder (layer B.Cu) (tedit 5B36C52B) (tstamp 5D7E8ED3)
    (at 208.915 90.17)
    (descr "Resistor SMD 0805 (2012 Metric), square (rectangular) end terminal, IPC_7351 nominal with elongated pad for handsoldering. (Body size source: https://docs.google.com/spreadsheets/d/1BsfQQcO9C6DZCsRaXUlFlo91Tg2WpOkGARC1WS5S8t0/edit?usp=sharing), generated with kicad-footprint-generator")
    (tags "resistor handsolder")
    (path /5D7EEC6E)
    (attr smd)
    (fp_text reference R10 (at 0 3.937) (layer B.SilkS)
      (effects (font (size 1 1) (thickness 0.15)) (justify mirror))
    )
    (fp_text value 0 (at 0 -1.65) (layer B.Fab)
      (effects (font (size 1 1) (thickness 0.15)) (justify mirror))
    )
    (fp_text user %R (at 0 0) (layer B.Fab)
      (effects (font (size 0.5 0.5) (thickness 0.08)) (justify mirror))
    )
    (fp_line (start 1.85 -0.95) (end -1.85 -0.95) (layer B.CrtYd) (width 0.05))
    (fp_line (start 1.85 0.95) (end 1.85 -0.95) (layer B.CrtYd) (width 0.05))
    (fp_line (start -1.85 0.95) (end 1.85 0.95) (layer B.CrtYd) (width 0.05))
    (fp_line (start -1.85 -0.95) (end -1.85 0.95) (layer B.CrtYd) (width 0.05))
    (fp_line (start -0.261252 -0.71) (end 0.261252 -0.71) (layer B.SilkS) (width 0.12))
    (fp_line (start -0.261252 0.71) (end 0.261252 0.71) (layer B.SilkS) (width 0.12))
    (fp_line (start 1 -0.6) (end -1 -0.6) (layer B.Fab) (width 0.1))
    (fp_line (start 1 0.6) (end 1 -0.6) (layer B.Fab) (width 0.1))
    (fp_line (start -1 0.6) (end 1 0.6) (layer B.Fab) (width 0.1))
    (fp_line (start -1 -0.6) (end -1 0.6) (layer B.Fab) (width 0.1))
    (pad 2 smd roundrect (at 1.025 0) (size 1.15 1.4) (layers B.Cu B.Paste B.Mask) (roundrect_rratio 0.217391)
      (net 130 /ID0))
    (pad 1 smd roundrect (at -1.025 0) (size 1.15 1.4) (layers B.Cu B.Paste B.Mask) (roundrect_rratio 0.217391)
      (net 1 /GND))
    (model ${KISYS3DMOD}/Resistor_SMD.3dshapes/R_0805_2012Metric.wrl
      (at (xyz 0 0 0))
      (scale (xyz 1 1 1))
      (rotate (xyz 0 0 0))
    )
  )

  (module footprints:dip40_smt_header (layer B.Cu) (tedit 5975E0E7) (tstamp 5D7CB049)
    (at 185.42 66.04 180)
    (path /5975BF41)
    (fp_text reference U1 (at -7.62 1.905 180) (layer B.SilkS)
      (effects (font (size 1 1) (thickness 0.15)) (justify mirror))
    )
    (fp_text value WD65C02 (at -7.62 -50.8 180) (layer B.Fab)
      (effects (font (size 1 1) (thickness 0.15)) (justify mirror))
    )
    (fp_line (start -1.27 0) (end -13.97 0) (layer B.SilkS) (width 0.15))
    (fp_line (start -1.27 -48.26) (end -1.27 0) (layer B.SilkS) (width 0.15))
    (fp_line (start -13.97 -48.26) (end -1.27 -48.26) (layer B.SilkS) (width 0.15))
    (fp_line (start -13.97 0) (end -13.97 -48.26) (layer B.SilkS) (width 0.15))
    (fp_arc (start -7.62 0) (end -7.62 -1.27) (angle -90) (layer B.SilkS) (width 0.15))
    (fp_arc (start -7.62 0) (end -6.35 0) (angle -90) (layer B.SilkS) (width 0.15))
    (pad 40 smd rect (at -15.24 0 180) (size 3.5 1) (drill (offset -1.3 0)) (layers B.Cu B.Paste B.Mask)
      (net 41 /nRST))
    (pad 39 smd rect (at -15.24 -2.54 180) (size 3.5 1) (drill (offset -1.3 0)) (layers B.Cu B.Paste B.Mask)
      (net 40 /PHI2OUT))
    (pad 38 smd rect (at -15.24 -5.08 180) (size 3.5 1) (drill (offset -1.3 0)) (layers B.Cu B.Paste B.Mask)
      (net 39 /nSO))
    (pad 37 smd rect (at -15.24 -7.62 180) (size 3.5 1) (drill (offset -1.3 0)) (layers B.Cu B.Paste B.Mask)
      (net 38 /PHI2))
    (pad 36 smd rect (at -15.24 -10.16 180) (size 3.5 1) (drill (offset -1.3 0)) (layers B.Cu B.Paste B.Mask)
      (net 37 /BE))
    (pad 35 smd rect (at -15.24 -12.7 180) (size 3.5 1) (drill (offset -1.3 0)) (layers B.Cu B.Paste B.Mask)
      (net 99 "Net-(U1-Pad35)"))
    (pad 34 smd rect (at -15.24 -15.24 180) (size 3.5 1) (drill (offset -1.3 0)) (layers B.Cu B.Paste B.Mask)
      (net 36 /RnW))
    (pad 33 smd rect (at -15.24 -17.78 180) (size 3.5 1) (drill (offset -1.3 0)) (layers B.Cu B.Paste B.Mask)
      (net 9 /D0))
    (pad 32 smd rect (at -15.24 -20.32 180) (size 3.5 1) (drill (offset -1.3 0)) (layers B.Cu B.Paste B.Mask)
      (net 8 /D1))
    (pad 31 smd rect (at -15.24 -22.86 180) (size 3.5 1) (drill (offset -1.3 0)) (layers B.Cu B.Paste B.Mask)
      (net 7 /D2))
    (pad 30 smd rect (at -15.24 -25.4 180) (size 3.5 1) (drill (offset -1.3 0)) (layers B.Cu B.Paste B.Mask)
      (net 6 /D3))
    (pad 29 smd rect (at -15.24 -27.94 180) (size 3.5 1) (drill (offset -1.3 0)) (layers B.Cu B.Paste B.Mask)
      (net 5 /D4))
    (pad 28 smd rect (at -15.24 -30.48 180) (size 3.5 1) (drill (offset -1.3 0)) (layers B.Cu B.Paste B.Mask)
      (net 4 /D5))
    (pad 27 smd rect (at -15.24 -33.02 180) (size 3.5 1) (drill (offset -1.3 0)) (layers B.Cu B.Paste B.Mask)
      (net 3 /D6))
    (pad 26 smd rect (at -15.24 -35.56 180) (size 3.5 1) (drill (offset -1.3 0)) (layers B.Cu B.Paste B.Mask)
      (net 2 /D7))
    (pad 25 smd rect (at -15.24 -38.1 180) (size 3.5 1) (drill (offset -1.3 0)) (layers B.Cu B.Paste B.Mask)
      (net 27 /A15))
    (pad 24 smd rect (at -15.24 -40.64 180) (size 3.5 1) (drill (offset -1.3 0)) (layers B.Cu B.Paste B.Mask)
      (net 26 /A14))
    (pad 23 smd rect (at -15.24 -43.18 180) (size 3.5 1) (drill (offset -1.3 0)) (layers B.Cu B.Paste B.Mask)
      (net 25 /A13))
    (pad 22 smd rect (at -15.24 -45.72 180) (size 3.5 1) (drill (offset -1.3 0)) (layers B.Cu B.Paste B.Mask)
      (net 24 /A12))
    (pad 20 smd rect (at 0 -48.26 180) (size 3.5 1) (drill (offset 1.3 0)) (layers B.Cu B.Paste B.Mask)
      (net 23 /A11))
    (pad 19 smd rect (at 0 -45.72 180) (size 3.5 1) (drill (offset 1.3 0)) (layers B.Cu B.Paste B.Mask)
      (net 22 /A10))
    (pad 18 smd rect (at 0 -43.18 180) (size 3.5 1) (drill (offset 1.3 0)) (layers B.Cu B.Paste B.Mask)
      (net 21 /A9))
    (pad 17 smd rect (at 0 -40.64 180) (size 3.5 1) (drill (offset 1.3 0)) (layers B.Cu B.Paste B.Mask)
      (net 20 /A8))
    (pad 16 smd rect (at 0 -38.1 180) (size 3.5 1) (drill (offset 1.3 0)) (layers B.Cu B.Paste B.Mask)
      (net 19 /A7))
    (pad 15 smd rect (at 0 -35.56 180) (size 3.5 1) (drill (offset 1.3 0)) (layers B.Cu B.Paste B.Mask)
      (net 18 /A6))
    (pad 14 smd rect (at 0 -33.02 180) (size 3.5 1) (drill (offset 1.3 0)) (layers B.Cu B.Paste B.Mask)
      (net 17 /A5))
    (pad 13 smd rect (at 0 -30.48 180) (size 3.5 1) (drill (offset 1.3 0)) (layers B.Cu B.Paste B.Mask)
      (net 16 /A4))
    (pad 12 smd rect (at 0 -27.94 180) (size 3.5 1) (drill (offset 1.3 0)) (layers B.Cu B.Paste B.Mask)
      (net 15 /A3))
    (pad 11 smd rect (at 0 -25.4 180) (size 3.5 1) (drill (offset 1.3 0)) (layers B.Cu B.Paste B.Mask)
      (net 14 /A2))
